2L	2324875	2329556	3
2L	3100965	3104448	6
2L	4131157	4134968	3
2L	6138759	6142049	3
2L	6369970	6374008	3
2L	9767280	9771697	6
2L	10851698	10856144	7
2L	11409556	11415865	7
2L	12245120	12248238	1
2L	15142510	15146362	1
2L	15190931	15195075	4
2L	17301312	17305403	1
2R	11114087	11127728	3
2R	12881541	12887612	2
2R	14832452	14836116	2
2R	14852286	14900810	28
2R	22800635	22808010	2
3L	3540069	3543195	2
3L	4070978	4074665	1
3L	11655038	11658803	4
3L	13101436	13107838	6
3L	13157602	13163497	2
3L	14487319	14495570	9
3L	14638685	14643738	4
3L	16219807	16224479	5
3L	16668705	16677541	8
3R	12061710	12072812	14
3R	12093404	12099238	1
3R	12128354	12136041	5
3R	18347116	18349986	1
3R	21045226	21049016	3
3R	21754010	21759404	1
3R	26611246	26615332	4
3R	28513591	28519350	2
3R	28876103	28879542	2
3R	29198286	29201223	1
3R	29247344	29249645	1
3R	29291072	29295775	8
X	2552205	2561018	3
X	5020582	5032930	4
X	7653098	7681326	9
X	7929790	7955590	3
X	7987575	7992279	1
X	20256819	20266649	2
